A = [-0.319589 5.593940 -1.858470 
6.381264 12.059130 -149.683909 
-10.082871 136.977371 1.000000];


B = [-0.000073 0.000520 -0.000376
-0.000749 0.000060 0.001039
0.000246 -0.000914 -0.055330];



C = [-2.2428e-20   2.3566e-06  -6.8578e-04
   2.3566e-06  -2.8586e-20  -8.9704e-03
  -6.8578e-04   7.1322e-03   5.3491e-01];

D = [0.641365 779222713.676989 -559514045.112668 
779222817.967588 59.582306 -31347161963.783123 
-559514094.291276 31347161924.917454 1.000000];